100
1000
34 4
39 5
26 2
41 6
35 3
46 5
49 5
48 5
31 3
34 3
34 4
33 4
47 5
49 7
48 5
45 4
45 4
49 5
49 6
39 4
36 3
33 3
42 4
35 4
28 3
46 5
36 5
42 4
26 2
47 4
34 4
32 4
42 5
28 4
27 2
40 4
25 3
27 3
41 4
47 5
26 3
48 5
32 3
41 5
47 6
31 4
29 3
27 3
48 5
44 6
42 4
47 4
33 4
34 4
29 4
39 5
44 6
32 4
49 5
38 5
28 2
31 3
43 5
42 4
33 4
27 3
31 3
26 3
40 5
49 7
35 4
42 4
42 5
25 3
30 3
46 6
29 3
43 4
35 4
38 5
38 5
40 5
44 5
47 5
27 3
35 4
47 7
42 5
46 6
27 3
43 5
47 5
41 4
37 4
38 5
26 2
44 5
41 5
30 4
40 4
26 3
40 4
49 5
31 3
29 3
45 6
31 4
30 4
47 5
34 3
43 5
29 3
25 3
29 3
33 4
35 4
28 3
29 3
46 5
42 6
29 3
26 2
40 4
31 3
39 5
40 5
26 3
31 3
49 5
41 4
35 4
38 4
45 5
48 7
32 3
34 4
45 5
48 6
40 4
34 4
39 5
39 5
48 5
38 4
32 3
35 4
48 4
25 2
26 2
37 4
38 5
29 4
32 3
48 5
26 3
47 4
29 2
44 4
27 2
34 4
46 6
29 4
38 3
31 3
44 6
34 4
33 4
34 3
45 5
40 4
39 5
28 2
29 3
45 5
39 4
30 3
43 6
37 4
44 6
32 4
37 5
45 5
44 5
41 5
48 5
40 4
43 6
47 5
38 5
32 4
41 5
30 4
42 5
28 3
31 4
34 4
48 5
42 5
27 2
38 3
28 3
34 3
36 5
39 5
38 5
29 3
29 3
46 6
38 4
45 4
36 4
40 5
26 3
32 4
35 3
48 6
41 4
39 4
35 4
40 4
44 4
36 4
43 5
28 3
37 5
48 6
43 4
44 5
33 4
48 5
33 4
40 5
35 4
26 3
28 3
49 5
27 3
43 5
43 5
35 4
49 6
28 3
46 5
30 4
40 4
48 4
45 4
45 5
42 6
49 4
32 4
28 3
48 6
26 3
38 5
42 4
32 3
31 3
44 6
31 3
39 4
32 3
26 3
42 5
30 3
48 5
47 5
26 3
25 2
36 3
34 4
42 6
26 3
46 6
42 4
32 4
27 3
32 4
30 3
41 4
28 2
37 3
46 5
39 5
49 6
33 3
40 5
28 3
47 6
34 4
35 4
38 5
37 5
49 5
41 6
41 5
27 3
30 3
39 4
32 3
35 4
32 3
48 6
41 5
35 4
31 3
48 7
29 4
45 5
47 5
41 5
34 4
41 4
41 4
41 4
37 3
46 5
37 5
35 5
31 3
39 4
47 6
42 4
43 6
27 3
30 4
27 3
41 4
42 4
47 5
27 3
36 4
49 4
45 5
45 6
41 5
40 5
25 2
35 4
48 6
38 4
34 4
30 3
29 3
27 3
43 4
33 3
25 3
39 3
49 5
46 6
45 4
49 5
41 5
40 4
43 5
43 4
32 3
37 3
32 3
25 2
31 3
39 4
25 2
48 6
32 3
41 5
45 5
48 5
45 6
31 3
39 5
32 3
36 4
32 4
27 3
43 5
42 5
38 5
36 5
40 5
38 3
48 5
41 6
35 4
38 5
35 4
43 4
29 4
36 4
37 4
41 4
39 4
33 4
39 4
45 5
25 3
45 5
36 4
44 6
25 3
49 5
26 3
27 3
43 5
41 5
32 3
27 2
44 6
43 5
41 4
43 5
27 3
27 3
26 3
31 3
41 5
38 4
26 2
33 4
42 6
27 3
49 6
47 6
31 3
37 4
29 2
38 4
43 4
43 6
37 3
49 6
46 5
37 4
42 4
46 6
44 5
49 7
47 6
41 4
30 3
41 5
43 5
38 4
37 4
27 3
32 4
32 3
25 3
26 3
34 3
29 4
33 3
25 2
47 5
40 4
36 4
43 6
45 4
36 3
29 3
43 5
49 6
33 4
45 5
35 4
38 5
28 3
30 3
31 3
34 3
39 5
31 3
37 5
29 3
36 3
29 3
25 2
40 5
32 4
49 7
45 6
47 6
46 6
35 3
47 6
27 3
37 5
26 3
39 5
46 6
37 5
26 3
31 4
25 3
41 5
48 6
40 5
39 3
31 4
48 6
34 3
43 6
32 4
27 2
26 3
26 3
35 5
40 4
43 5
35 3
42 4
39 4
35 4
33 4
45 6
33 3
31 3
33 4
29 2
44 6
32 3
33 4
31 4
41 5
35 3
30 3
48 6
49 7
34 3
25 3
35 4
41 5
47 6
46 5
26 3
29 3
32 4
28 2
26 3
35 4
44 4
33 4
49 6
36 4
32 4
31 3
30 4
27 3
34 3
26 3
39 3
28 4
48 4
44 5
28 3
48 6
42 5
37 4
36 3
48 5
36 4
44 6
35 4
25 3
32 3
40 5
48 6
34 5
38 4
49 5
45 5
31 4
45 4
33 4
46 4
47 5
47 5
39 5
34 3
29 3
48 4
34 4
35 3
35 4
42 4
38 4
47 5
30 3
44 5
44 6
47 6
37 4
36 3
38 4
49 7
32 4
34 3
44 6
48 5
48 5
27 2
36 4
27 4
49 6
44 5
28 3
28 3
48 5
35 4
43 4
31 3
42 5
42 5
30 4
32 3
37 4
25 2
45 5
36 5
48 6
45 5
35 4
32 3
40 5
30 3
44 6
42 6
44 5
28 3
33 4
43 5
45 4
42 5
35 4
48 4
36 3
35 3
47 7
47 5
29 4
46 6
36 4
42 4
28 2
32 4
49 6
49 5
41 4
41 4
47 6
44 4
34 3
34 5
31 3
47 6
38 4
41 5
29 3
41 5
41 5
49 7
42 4
42 5
28 3
35 4
29 3
30 3
34 3
44 6
26 3
34 5
41 6
28 4
33 4
47 4
33 3
45 6
33 4
31 4
39 4
44 4
49 5
29 4
44 6
30 4
39 5
25 3
46 5
49 5
41 6
26 2
28 3
35 4
35 5
33 3
42 4
26 2
31 4
49 4
27 3
38 5
33 3
47 6
38 4
33 3
31 4
31 3
36 4
27 3
48 6
29 4
44 5
36 4
32 3
45 5
27 3
28 3
42 4
47 5
26 3
46 5
48 5
25 3
46 6
30 3
39 5
41 4
40 4
33 4
46 5
39 5
45 4
36 4
39 4
26 2
45 5
26 3
41 6
27 3
31 3
43 4
46 5
33 4
35 4
43 5
47 5
49 5
41 4
47 5
41 5
43 4
39 5
25 3
45 5
34 4
27 3
44 5
38 4
39 5
38 3
34 3
42 4
25 3
44 6
42 5
28 3
39 4
31 4
26 2
37 4
43 4
31 3
34 4
40 4
43 5
26 2
43 4
45 6
39 5
40 4
30 3
40 5
27 4
30 3
26 3
38 4
46 6
49 6
35 3
48 6
26 3
31 4
42 4
48 6
37 5
29 3
26 2
34 3
39 5
48 6
36 3
42 5
36 4
38 4
46 4
42 4
41 4
49 4
29 3
39 4
38 3
29 3
43 5
28 3
33 3
44 4
34 4
45 6
26 3
27 3
37 5
28 2
28 2
28 3
36 3
42 6
36 4
36 3
27 3
41 5
29 3
28 3
34 5
31 3
33 3
42 5
38 5
27 3
46 5
30 3
36 4
31 3
34 4
26 3
34 4
36 4
31 3
39 4
26 3
47 5
26 3
33 4
29 3
45 5
28 3
36 4
40 5
39 5
49 6
28 3
47 5
32 3
34 4
26 3
36 5
41 4
43 4
46 5
36 3
48 6
37 4
28 3
33 4
39 4
45 5
45 6
35 3
46 5
26 3
47 6
26 3
43 4
27 3
25 3
30 4
35 3
32 3
46 5
34 3
45 4
43 5
44 5
49 6
49 6
28 3
25 2
28 2
46 6
48 6
48 7
31 3
49 4
28 4
49 5
35 5
47 5
45 4
29 3
44 5
29 3
40 5
25 3
29 3
29 3
38 3
41 4
46 5
40 4
38 4
42 4
25 3
27 3
29 3
43 5
45 6
47 6
49 6
47 5
47 4
46 5
47 6
44 4
49 6
44 4
46 6
30 3
34 4
37 5
37 4
44 5
49 6
40 4
43 6
43 5
39 4
45 5
47 6
48 4
38 3
25 3
47 4
28 3
36 4
46 5
29 3
36 3
27 2
28 3
46 6
34 4
32 4
46 6
41 4
30 3
27 3
30 3
33 4
36 4
34 4
32 3
49 7
40 4
38 4
41 5
26 3
27 3
29 3
27 3
28 3
40 5
48 5
41 4
30 3
45 6
45 5
34 3
44 4
35 3
40 5
29 4
42 4
49 7
28 2
35 4
48 7
45 6
41 5
39 4
44 4
