100
1000
47 6
44 5
26 3
37 4
42 6
39 3
42 5
48 6
43 6
49 6
48 6
32 3
39 4
44 5
44 5
37 5
37 3
48 6
27 3
39 5
48 5
45 5
40 5
43 5
35 4
30 3
35 4
40 5
35 4
31 3
39 5
35 3
32 3
36 4
27 3
30 4
41 6
39 5
40 4
25 2
43 5
35 4
47 5
38 3
40 5
40 4
27 3
35 3
43 6
41 4
38 4
47 5
46 6
32 4
48 6
28 2
37 5
25 2
41 4
39 4
46 5
33 4
26 3
31 4
37 4
44 5
37 3
26 3
36 5
39 4
49 5
30 4
43 6
29 4
47 5
37 4
38 3
32 3
36 4
36 5
37 5
25 3
47 5
30 3
46 5
48 5
37 4
44 5
39 5
37 4
42 6
31 4
26 2
27 3
40 4
45 6
41 4
29 3
33 4
38 4
27 2
31 4
34 4
44 6
38 4
40 4
34 3
41 5
40 5
31 3
37 3
28 4
34 3
40 4
25 3
31 3
39 4
34 4
29 4
35 4
39 4
29 3
45 4
33 3
27 2
34 3
28 3
34 4
40 5
36 4
31 4
47 5
46 6
43 5
38 5
37 4
41 6
40 5
28 3
33 3
35 4
40 5
35 4
31 3
41 5
29 3
38 4
49 5
27 3
27 3
46 5
34 3
35 4
27 3
49 5
41 6
41 5
39 4
46 5
46 6
43 4
38 4
36 5
27 2
43 5
37 4
32 3
29 3
31 3
48 5
47 6
39 5
37 5
35 4
40 5
38 4
48 6
33 3
25 3
37 4
49 5
49 5
36 5
38 4
39 4
33 4
31 3
47 5
40 4
34 3
35 5
49 6
35 3
33 4
25 3
33 4
28 3
48 6
43 6
25 2
31 4
46 6
36 4
30 4
36 5
46 6
27 3
36 3
43 5
37 3
45 4
49 5
26 3
41 4
28 4
40 4
27 3
39 4
45 4
40 5
35 5
39 5
29 3
49 7
25 3
47 6
40 4
42 4
27 3
45 5
25 2
37 3
42 4
32 4
46 6
44 6
29 4
26 3
44 5
38 5
40 4
38 5
45 5
25 3
33 3
43 6
29 3
45 5
30 4
33 3
49 6
30 4
41 4
38 4
39 4
25 3
35 4
38 4
25 2
41 4
37 4
41 5
34 4
38 5
35 3
44 6
34 4
42 4
26 3
32 3
35 3
45 6
31 3
38 4
33 3
28 3
49 5
28 4
28 2
40 4
26 3
35 3
48 6
49 5
36 3
47 6
31 3
41 5
31 4
29 4
47 5
49 6
34 5
33 4
43 6
31 3
27 3
47 6
25 3
45 6
48 6
35 4
49 5
33 3
49 6
48 6
33 4
35 3
39 5
45 6
45 5
27 3
44 5
30 4
39 4
44 4
31 4
32 3
44 4
41 5
27 3
32 3
47 6
46 5
43 6
36 4
27 3
48 6
36 4
34 3
28 3
41 4
27 3
43 4
49 5
34 4
43 4
27 2
39 4
45 6
40 5
42 5
26 3
30 4
49 6
49 6
28 3
37 5
40 5
41 5
30 4
43 6
26 2
29 3
32 3
40 4
44 5
38 4
48 6
27 3
45 5
31 3
28 3
28 3
27 2
29 4
28 2
42 4
37 4
39 5
40 5
40 4
46 5
44 4
33 4
46 6
34 4
37 3
40 4
39 4
41 5
45 6
38 5
30 3
29 2
40 4
27 3
32 3
30 4
49 5
26 3
39 4
45 5
29 3
35 5
25 3
31 3
44 5
47 6
37 4
34 3
30 3
37 5
49 5
43 4
49 7
48 5
40 4
36 3
28 3
29 3
35 5
40 5
44 6
46 5
25 3
48 7
43 4
48 5
29 3
25 2
48 5
39 4
49 6
31 3
42 4
44 5
39 4
48 6
46 5
42 5
34 4
25 3
39 5
34 4
37 5
40 4
35 4
37 4
37 4
48 5
48 5
35 4
39 5
30 3
36 4
36 4
32 4
25 3
26 2
45 5
38 4
36 3
36 4
43 6
40 5
45 5
30 3
48 6
33 4
27 2
35 4
40 4
47 5
41 4
33 4
33 4
29 4
36 3
45 5
30 3
49 6
25 2
45 6
29 3
29 3
43 5
25 3
42 4
29 3
31 4
29 3
40 4
25 3
33 3
41 5
39 5
25 2
36 4
26 3
32 3
38 5
30 3
48 6
34 4
48 6
37 4
49 5
33 4
44 6
27 3
43 5
36 4
26 3
32 4
45 6
33 3
48 6
37 4
43 5
41 4
31 4
36 3
43 4
46 5
31 3
40 5
48 4
35 3
33 3
29 3
27 2
38 3
34 3
43 5
31 3
42 5
25 3
35 4
43 5
42 4
45 5
42 5
38 5
45 6
30 4
33 4
40 4
40 4
32 4
35 5
25 2
28 3
26 3
40 5
38 4
34 3
28 3
47 6
31 3
32 4
26 2
27 3
45 6
39 4
39 4
28 3
30 3
34 3
41 4
31 4
43 4
27 3
26 3
33 3
31 4
35 4
28 3
28 4
42 4
48 5
33 3
29 3
39 4
43 5
48 6
35 3
30 3
48 5
42 5
29 3
39 4
29 3
49 5
26 3
27 3
29 4
34 5
34 3
43 4
32 3
49 6
31 4
26 3
26 3
38 4
40 4
48 6
49 6
39 3
26 3
38 4
28 2
40 5
49 6
26 2
43 5
36 4
42 5
47 5
42 4
29 3
29 3
34 4
35 4
46 5
34 3
42 6
36 4
37 5
35 3
26 3
44 5
29 4
46 6
35 4
31 4
41 5
25 3
31 3
33 3
47 5
36 4
27 2
48 6
43 4
27 3
32 4
41 5
38 5
26 2
30 4
39 5
30 4
40 5
42 4
26 2
46 6
44 4
49 6
45 5
27 3
47 5
48 5
31 4
39 5
43 5
34 4
39 4
47 5
41 5
41 4
43 6
49 5
35 4
48 6
41 4
47 6
46 5
36 4
39 4
40 5
28 3
31 3
26 3
43 4
46 5
28 3
42 6
29 4
37 5
28 4
29 3
29 3
28 3
42 4
47 6
26 3
44 4
40 5
29 3
33 4
48 5
39 5
46 4
38 5
27 2
42 4
46 5
40 4
29 3
26 3
34 4
38 5
39 5
37 4
27 3
30 3
30 3
48 5
45 6
38 4
39 3
32 3
25 2
36 4
47 6
41 4
46 4
43 5
46 5
42 6
31 4
41 6
40 5
31 3
48 4
46 6
40 4
43 5
35 3
41 5
44 5
40 4
47 6
46 5
43 4
44 5
30 3
40 4
27 3
35 3
45 5
37 5
42 4
31 3
42 5
32 4
35 3
44 5
45 5
49 5
25 2
46 6
30 4
43 5
48 6
28 4
42 5
45 5
26 3
45 5
38 3
31 3
45 6
29 3
30 4
26 3
36 4
39 4
43 5
47 5
31 3
28 3
43 4
29 4
47 6
25 2
37 4
36 4
40 4
41 5
39 5
39 4
44 4
40 5
36 4
43 6
35 3
39 4
34 4
42 5
29 3
48 5
44 6
39 3
26 3
29 2
43 6
27 2
38 4
30 4
30 3
39 5
40 4
38 5
36 5
25 3
36 4
32 4
30 3
27 4
44 5
28 4
31 3
32 4
39 4
36 3
37 4
46 5
34 4
35 3
45 6
31 4
44 5
27 3
48 6
46 6
39 5
36 5
35 4
25 3
35 4
30 3
34 4
30 4
35 5
40 5
27 3
38 5
26 3
28 3
32 3
41 5
41 5
36 4
41 4
44 6
32 4
44 6
31 4
40 4
48 6
25 2
38 4
49 7
39 5
42 5
32 4
48 6
41 5
27 3
41 5
46 5
42 4
41 5
34 4
44 6
27 3
32 3
31 4
37 3
40 5
26 2
36 4
43 5
41 4
45 5
38 4
48 4
29 3
28 3
38 4
46 6
44 5
29 3
45 6
38 5
41 5
49 5
37 4
28 3
48 6
48 7
27 3
47 6
42 4
28 3
25 2
49 5
25 3
27 2
37 5
26 2
35 4
41 4
30 4
31 4
40 5
36 4
42 5
48 7
28 2
45 4
33 4
30 4
39 4
35 3
47 5
25 2
48 5
43 6
32 4
48 5
31 3
43 5
48 5
28 4
39 5
48 6
29 3
38 5
41 5
41 5
32 4
32 4
26 3
26 2
26 3
46 5
42 5
47 6
28 3
45 5
33 4
40 5
49 5
46 5
42 5
48 5
47 5
28 3
40 5
46 6
29 3
26 2
33 3
30 3
34 4
46 4
46 4
44 6
30 3
36 3
27 4
44 6
27 3
33 4
43 5
34 4
25 2
31 3
43 5
36 3
37 4
29 3
29 3
25 3
36 4
34 3
32 4
46 6
48 6
33 3
25 3
48 6
44 6
34 4
32 3
42 5
27 2
43 4
44 5
40 4
38 4
47 5
36 4
47 6
43 5
31 3
