100
1000
32 4
46 5
30 3
30 3
31 3
27 3
49 6
27 3
46 6
26 2
42 5
49 7
38 5
41 4
47 5
29 3
31 3
28 3
46 6
48 6
39 4
33 4
27 2
27 3
38 4
46 5
27 3
33 4
38 4
31 3
39 4
35 4
29 2
41 4
31 4
38 4
29 3
31 4
49 7
43 5
36 5
42 5
37 3
45 4
26 3
28 4
32 4
38 4
46 5
31 3
38 4
40 5
43 6
32 3
37 3
38 5
34 4
31 3
29 3
37 5
32 4
49 6
45 5
27 3
41 4
26 2
27 3
38 4
39 5
49 6
31 3
39 5
48 6
37 4
48 5
48 5
33 4
29 3
31 4
42 5
27 3
47 5
29 3
42 4
40 4
39 4
48 4
30 3
32 4
49 6
26 2
29 3
25 3
25 3
28 3
34 4
31 3
39 5
32 3
46 6
35 3
32 4
37 4
42 5
40 5
49 5
31 3
46 5
41 5
33 4
25 2
46 5
36 5
45 5
31 4
40 4
28 3
31 3
37 3
25 3
26 3
37 4
37 3
27 3
33 4
30 3
47 4
36 3
30 3
32 3
25 3
46 4
26 2
47 6
37 5
32 4
47 6
48 6
38 3
25 3
32 3
26 2
45 6
30 3
31 3
39 4
39 3
39 5
27 3
27 2
36 5
31 3
31 3
35 4
40 5
30 4
32 4
45 5
33 4
26 3
40 5
25 2
34 3
38 4
36 3
25 3
44 6
32 4
31 4
47 5
26 2
28 3
41 6
31 4
44 5
30 3
28 2
45 6
25 3
31 3
41 6
37 4
29 3
40 5
32 3
33 4
37 5
36 4
45 6
38 5
25 3
27 3
43 5
41 4
36 3
32 4
32 3
33 3
48 5
37 4
45 6
41 5
37 3
49 5
49 5
37 4
41 4
29 3
28 3
39 4
35 3
47 5
27 3
35 4
38 4
45 6
32 3
29 2
33 3
48 6
27 2
47 5
48 6
48 5
49 6
31 3
27 2
30 3
38 5
37 4
41 5
40 5
29 3
48 6
43 5
48 6
35 4
41 4
39 4
48 4
31 4
42 5
39 5
36 5
29 3
41 4
41 5
41 5
34 3
46 6
42 4
35 4
39 5
31 3
31 4
28 3
39 5
29 3
38 4
27 3
44 6
30 3
29 3
29 3
35 4
42 6
45 5
28 3
26 2
27 2
41 5
27 4
46 5
41 4
39 4
35 4
28 3
27 3
43 6
31 3
38 4
46 5
26 3
27 2
48 6
41 4
39 4
47 4
41 4
47 6
49 5
32 3
35 4
30 3
27 3
32 4
36 4
25 3
43 4
41 6
40 5
43 5
38 4
33 4
25 3
25 2
42 4
35 4
30 4
32 3
45 6
30 4
41 4
39 5
31 3
32 4
29 3
38 5
48 7
30 3
39 4
25 2
37 4
32 4
44 5
44 5
28 2
31 4
29 2
43 4
45 4
41 5
38 4
39 4
34 4
48 6
49 5
47 5
28 3
31 4
29 3
39 5
25 2
42 5
32 4
46 6
49 6
48 5
26 2
38 5
39 5
30 3
26 3
25 3
34 3
49 5
46 4
29 4
30 4
43 5
47 5
27 2
49 5
44 5
28 3
41 4
33 4
31 3
37 4
35 3
43 5
31 4
31 4
38 3
43 6
46 4
39 4
46 6
27 3
25 2
48 6
46 5
30 3
34 3
39 5
42 4
33 4
29 3
38 5
26 2
37 4
45 6
37 5
34 3
48 5
47 6
33 3
27 3
34 4
38 4
34 4
33 4
42 6
48 6
44 6
40 4
25 3
42 4
34 4
49 6
39 5
32 4
48 6
48 7
36 4
48 5
48 6
25 2
29 3
28 3
25 2
38 4
29 3
44 6
26 3
37 3
38 5
32 4
36 4
30 4
32 3
35 3
31 3
27 2
28 3
43 5
32 3
30 3
45 6
35 3
40 5
43 4
28 3
48 6
26 3
33 3
25 3
46 5
26 3
34 4
46 5
31 3
44 6
39 4
43 5
46 6
45 5
49 6
31 4
39 5
26 3
45 5
26 3
49 6
32 3
33 3
32 4
38 4
42 5
28 3
44 5
33 4
38 4
34 4
27 3
37 3
43 5
34 4
43 5
25 3
31 3
46 5
27 4
44 5
42 5
36 3
39 4
42 5
45 4
44 5
45 4
30 3
44 6
44 5
35 3
31 3
30 4
34 4
33 3
49 6
44 4
31 3
39 5
26 3
46 5
30 4
37 4
30 4
36 3
28 3
27 3
37 4
44 4
40 5
26 3
30 3
26 2
37 5
40 4
47 6
31 4
46 5
49 7
29 3
49 5
33 3
27 2
39 5
25 2
45 5
39 5
45 5
38 4
35 3
42 4
40 5
45 5
46 6
45 5
47 6
35 4
38 4
39 5
30 4
36 5
42 4
46 4
39 4
39 5
27 2
31 3
30 3
25 2
47 5
49 5
25 3
46 6
47 6
39 5
30 3
28 3
33 4
40 5
35 4
28 3
43 6
47 5
47 5
44 4
48 5
42 6
46 4
49 7
40 4
27 3
29 3
25 3
40 4
46 6
38 5
28 3
46 5
28 3
25 2
33 3
35 5
29 3
32 4
26 3
39 5
26 3
33 4
48 5
44 5
37 4
36 3
46 5
25 3
48 6
35 4
31 4
39 4
43 5
33 3
34 3
40 5
41 5
30 3
38 4
44 6
37 5
42 5
35 4
43 5
44 4
27 2
40 4
42 4
35 3
48 6
43 4
39 4
39 5
47 6
49 7
40 5
27 2
37 5
37 5
37 5
46 6
48 5
48 4
38 4
32 4
25 3
32 4
38 5
35 4
28 4
49 6
43 6
30 3
31 3
41 6
41 5
38 4
43 5
29 3
40 4
26 3
35 4
42 4
49 6
39 5
35 4
47 4
41 4
27 3
40 5
45 6
47 5
35 4
37 4
31 3
34 3
26 3
31 3
47 6
47 5
39 4
32 4
43 6
34 3
27 3
39 5
27 2
36 4
35 5
47 5
32 3
39 5
36 5
47 6
41 5
48 6
34 4
39 4
31 3
35 4
46 5
27 4
30 4
38 5
39 5
37 5
42 4
34 4
31 3
35 3
43 5
39 4
33 3
40 5
25 2
26 3
36 4
26 3
29 2
29 4
47 5
43 4
31 3
25 3
37 4
42 4
26 3
30 3
44 5
35 3
33 4
42 4
45 5
42 6
46 5
43 5
44 4
35 4
47 5
34 4
37 5
33 3
26 3
41 5
49 4
27 2
44 6
36 4
41 5
39 5
43 4
40 4
31 3
42 6
28 3
44 6
28 3
27 2
28 3
41 4
41 4
38 4
25 3
45 5
47 5
48 7
28 3
47 6
33 4
39 4
32 4
40 5
30 3
33 4
28 4
45 6
43 5
45 6
48 6
36 5
41 5
47 6
43 4
30 4
25 2
25 2
44 6
47 5
30 3
27 2
49 5
37 4
27 3
40 4
47 5
26 3
29 3
35 3
26 3
39 3
43 4
31 4
34 4
45 6
40 4
34 4
36 3
46 6
49 6
38 5
33 4
28 3
32 4
47 4
34 4
36 4
49 4
31 3
25 2
47 6
45 6
36 4
30 3
42 5
47 4
29 3
41 5
41 5
34 4
29 4
26 3
34 4
31 3
42 4
38 4
29 3
49 6
48 5
25 3
37 3
31 3
41 4
36 4
25 2
48 5
30 3
34 4
34 4
26 3
27 3
44 4
37 3
29 3
44 5
25 3
49 6
35 4
47 6
34 4
44 4
31 4
28 2
32 4
34 3
46 5
36 4
42 5
27 3
45 4
39 4
44 5
47 5
48 6
30 3
35 4
37 4
41 5
48 6
27 3
28 3
29 3
34 4
48 4
35 4
27 3
39 5
26 2
35 3
44 4
31 3
34 4
34 4
30 4
32 3
38 5
46 6
26 2
46 5
31 3
29 2
29 3
34 4
39 5
40 4
38 5
30 4
35 4
39 5
46 6
45 5
33 4
35 4
31 4
47 4
44 6
33 4
31 4
44 5
43 6
29 3
26 3
48 6
37 4
47 4
32 4
43 6
35 4
46 4
29 3
26 3
43 4
35 4
40 4
36 3
38 4
32 3
41 5
40 5
33 3
47 5
39 4
41 4
31 4
31 4
30 4
28 2
30 3
39 4
26 3
26 2
29 3
41 5
43 4
30 4
49 7
42 5
49 5
25 2
27 3
25 3
49 6
49 6
37 5
48 5
38 4
49 5
46 6
27 3
39 5
49 5
33 3
27 4
25 3
33 4
44 4
26 3
35 4
38 5
29 4
40 5
31 4
35 4
32 3
49 5
30 3
46 6
30 3
35 4
45 5
35 4
48 5
45 6
42 6
45 5
46 6
30 3
32 4
43 4
43 5
46 5
27 3
49 6
33 3
48 5
36 4
30 3
41 4
39 5
44 5
39 5
