100
1000
31 3
47 4
43 5
36 5
42 4
28 3
26 2
34 4
46 6
40 5
41 5
28 2
26 2
41 4
27 2
39 5
35 4
31 4
29 4
29 3
30 4
32 4
44 4
38 5
34 4
25 2
29 4
28 3
29 3
29 3
37 4
41 6
48 6
30 4
32 4
26 2
48 6
37 4
30 3
37 4
26 3
25 2
25 3
37 5
47 6
44 4
38 4
44 5
31 3
44 6
40 4
29 3
26 2
46 6
42 6
27 3
32 4
34 4
27 2
25 3
47 5
37 5
42 5
39 4
47 5
28 3
35 5
31 4
31 3
40 4
37 4
45 6
45 5
36 4
49 7
30 4
45 4
27 3
32 4
31 3
45 6
35 4
44 5
33 4
27 2
26 2
38 4
40 5
36 5
25 2
26 3
48 6
43 6
31 4
42 5
47 6
30 4
36 4
31 4
32 4
44 5
31 3
46 6
29 4
42 4
34 4
38 4
30 4
45 5
27 3
42 4
45 4
44 6
45 4
39 4
46 5
33 4
34 3
25 2
40 5
47 6
40 5
33 4
27 2
26 3
34 3
39 5
47 6
32 3
45 6
48 4
37 4
28 4
33 4
47 5
36 5
33 4
25 2
40 4
39 4
47 5
29 3
41 4
38 4
41 4
41 4
30 4
37 4
32 3
28 3
33 4
37 4
27 3
27 3
38 4
36 4
38 4
43 5
46 5
26 3
45 4
42 5
25 3
43 6
34 5
43 4
30 3
29 3
30 4
35 3
45 6
48 5
43 5
32 3
35 3
28 3
40 4
37 5
27 3
33 4
33 3
30 3
43 4
35 4
33 4
42 5
44 6
41 5
26 3
27 2
26 3
40 5
47 5
30 3
36 5
42 6
44 4
47 5
44 5
44 4
49 6
37 3
44 6
26 3
27 3
38 4
37 4
30 4
36 4
26 2
26 2
31 3
25 3
43 6
36 3
38 4
29 3
48 5
37 3
45 6
27 3
38 5
49 5
40 4
41 4
40 4
25 3
48 6
49 6
30 4
26 3
44 4
27 3
26 3
46 6
44 4
36 3
36 4
40 5
25 3
44 6
47 5
38 5
40 5
35 3
45 6
28 2
32 3
40 4
37 3
45 5
37 4
32 4
37 5
37 3
33 4
47 6
44 5
31 3
33 4
39 4
37 5
48 5
42 5
35 3
40 5
46 5
26 3
34 4
37 4
33 3
31 3
27 3
35 5
45 6
33 4
39 5
35 4
40 5
42 4
39 3
40 5
39 5
32 4
38 4
44 5
42 4
34 5
39 4
46 6
26 2
33 4
40 5
49 6
33 4
39 4
32 3
40 5
37 4
40 5
32 3
42 6
44 5
46 6
46 5
44 5
30 3
40 4
30 3
27 3
48 6
35 3
30 4
29 3
27 2
30 3
43 4
30 3
35 4
47 6
36 3
45 5
39 4
34 4
39 5
27 3
31 4
48 6
39 4
34 4
41 5
47 6
26 3
38 4
43 5
48 5
28 3
41 4
49 6
25 2
39 4
37 5
39 4
30 3
26 3
34 3
26 2
42 4
39 3
38 5
37 3
28 3
36 4
48 5
25 2
26 2
43 4
39 4
28 3
34 4
41 4
49 6
28 3
44 4
49 5
45 6
29 3
49 7
48 6
27 2
32 4
36 4
38 3
45 5
45 6
41 4
32 3
49 5
38 4
39 3
34 3
41 4
46 4
37 5
29 3
49 5
31 3
31 3
49 5
32 3
42 5
38 4
45 5
29 4
46 6
41 4
36 4
41 5
37 5
28 3
38 3
43 6
33 4
32 3
42 5
40 5
47 6
28 3
48 6
41 5
35 3
36 4
26 3
41 5
40 4
36 3
39 5
38 4
35 4
34 3
36 5
48 6
28 3
30 3
35 3
26 2
30 3
42 5
32 4
27 3
40 5
28 3
28 4
35 4
33 4
29 3
48 5
37 4
43 5
36 4
39 5
30 3
43 5
47 6
33 3
47 5
48 5
29 4
47 4
43 5
29 4
43 6
46 5
30 3
38 4
37 4
31 4
39 4
30 3
46 6
36 4
32 3
43 5
49 5
27 3
25 2
39 4
26 2
36 4
43 5
47 5
28 3
25 3
27 3
31 3
46 5
30 3
49 6
35 5
36 4
39 4
25 2
46 4
39 5
34 4
31 4
43 4
44 5
33 4
32 4
48 5
43 4
30 3
41 4
40 4
45 5
48 6
26 3
40 4
25 3
43 6
47 6
45 4
26 2
27 2
44 5
30 3
28 2
35 5
36 4
27 3
37 3
44 5
37 5
35 3
42 4
49 7
33 4
44 5
39 5
35 4
48 5
43 4
32 4
48 5
41 5
39 4
47 5
36 4
31 3
36 5
43 5
35 3
48 6
27 3
39 5
39 4
34 5
40 5
38 4
31 3
26 3
40 5
37 4
44 5
49 6
35 5
39 3
35 5
33 3
37 4
39 5
49 5
44 5
49 5
43 6
31 3
34 3
26 3
26 3
30 3
34 4
47 5
44 4
47 5
35 4
45 6
36 4
48 6
36 4
29 3
45 6
25 2
28 3
26 3
40 4
42 4
46 4
37 4
45 5
47 5
35 4
36 4
43 5
27 3
27 3
29 4
40 4
37 4
34 4
32 3
41 4
42 5
25 2
27 3
40 4
49 6
42 6
44 5
25 2
26 3
27 3
45 5
38 4
28 2
46 5
37 4
35 4
30 4
39 5
31 3
47 4
48 6
28 3
49 5
29 4
46 5
44 5
29 3
47 6
47 5
41 4
27 3
38 4
41 5
43 5
26 3
25 3
41 5
26 3
25 3
30 3
35 5
38 5
32 4
34 4
34 3
36 4
33 4
45 5
34 4
45 6
39 5
33 4
40 4
35 3
35 3
49 5
42 5
48 4
45 5
49 6
33 4
45 4
33 4
36 4
40 5
35 3
31 4
32 3
40 5
36 3
43 4
43 6
43 4
27 3
49 6
45 4
28 3
45 4
36 5
41 5
34 4
49 7
36 4
31 3
28 4
40 5
44 4
49 5
39 4
49 5
28 4
25 3
47 7
42 4
26 2
38 4
45 4
36 4
33 3
27 3
31 4
48 6
48 6
33 3
40 4
29 3
26 2
25 2
45 5
36 4
45 4
40 5
45 5
36 3
39 5
41 5
43 6
40 5
37 4
30 4
32 3
41 4
37 3
38 4
40 5
49 6
39 4
44 5
46 6
29 3
31 3
49 7
42 5
27 2
37 4
36 3
43 5
45 4
31 3
43 6
26 3
33 3
27 2
30 4
42 6
29 3
26 2
34 4
36 4
30 4
43 5
47 5
37 5
25 3
47 6
40 4
46 6
29 3
40 5
36 5
48 7
30 3
48 5
35 5
37 4
39 5
32 3
32 3
49 6
28 3
35 4
27 4
32 4
37 5
26 2
46 5
32 4
48 5
32 3
46 5
27 3
42 4
44 6
49 6
41 6
39 3
40 4
28 3
47 4
34 4
27 3
28 3
35 3
28 3
32 4
41 5
49 5
37 5
34 4
27 3
33 4
48 5
49 5
42 4
40 4
42 5
38 5
28 3
47 6
27 3
31 3
43 5
27 3
32 4
41 5
43 5
32 3
45 4
45 6
34 3
25 2
26 3
38 5
39 5
46 4
38 5
25 3
39 4
33 3
43 5
39 5
28 3
25 3
38 4
26 3
26 3
27 3
32 3
34 4
34 3
41 5
45 4
26 3
30 3
41 5
46 5
36 5
26 2
39 4
45 5
37 3
42 5
39 4
43 5
27 3
33 3
40 4
36 4
48 6
35 5
48 6
44 5
26 3
43 4
35 3
30 3
25 3
48 5
41 5
41 4
44 4
38 5
47 6
36 4
26 3
31 3
43 5
29 4
41 4
43 5
26 3
25 2
31 4
45 5
46 4
44 4
29 3
36 4
28 3
34 3
36 3
27 2
41 4
46 4
28 3
38 3
49 6
39 5
43 5
33 3
30 4
38 5
33 3
27 3
45 6
44 5
26 3
46 5
43 5
33 3
27 3
25 3
49 6
26 3
39 5
38 4
41 4
43 4
34 3
37 3
33 4
46 4
44 5
41 5
46 6
27 3
34 4
29 3
47 5
45 4
39 3
35 4
36 3
47 6
31 3
40 5
46 4
31 3
32 4
46 5
31 4
30 3
42 5
30 3
35 3
45 5
31 4
49 4
31 4
36 3
42 5
34 4
32 4
41 5
37 4
46 5
33 4
34 3
45 5
41 5
36 4
36 4
35 4
45 5
33 4
43 5
49 5
30 3
25 2
29 3
41 4
38 5
40 4
48 5
40 5
44 4
27 2
33 4
43 4
36 4
41 5
32 4
41 5
25 2
38 4
48 6
34 4
43 5
37 3
28 3
30 3
37 4
38 5
40 5
32 3
29 4
48 4
41 4
26 3
27 4
31 3
25 2
30 3
38 4
38 4
27 3
25 3
28 3
