100
1000
37 5
41 4
37 3
44 5
32 4
35 4
37 4
41 4
36 3
32 3
41 4
46 6
30 3
38 4
26 2
40 5
37 5
32 4
26 2
44 4
48 5
28 3
45 5
27 2
39 4
33 3
31 4
38 4
27 2
26 3
33 3
27 3
41 5
31 3
26 3
39 4
26 3
29 3
38 5
38 3
49 6
35 4
27 3
41 4
33 4
28 2
38 5
39 4
28 3
29 3
39 3
26 2
25 3
38 4
33 4
27 3
36 4
27 3
36 4
46 5
33 4
45 6
36 4
28 3
26 3
49 6
27 3
42 5
28 3
28 3
39 4
49 7
25 2
34 4
39 5
31 3
33 3
31 4
37 4
39 5
41 5
39 4
49 6
33 4
44 4
36 4
49 6
45 5
27 2
34 4
36 4
38 3
40 4
40 4
27 3
32 3
37 5
30 3
42 5
32 3
33 4
43 5
38 4
36 5
42 6
46 5
31 3
49 5
45 6
30 4
43 4
28 3
28 2
26 2
34 4
33 4
32 3
47 6
36 4
47 5
37 4
41 4
25 2
36 4
47 6
43 6
27 3
36 3
31 4
34 3
43 5
25 2
34 4
40 4
27 3
35 3
33 3
40 5
34 3
32 4
48 6
30 3
43 5
41 5
42 5
33 4
35 4
42 4
28 3
31 3
39 4
31 4
42 5
30 3
41 5
28 2
47 4
26 2
37 4
44 6
49 5
34 3
31 3
49 6
38 5
33 4
47 5
43 4
30 4
49 5
27 3
40 4
43 4
41 4
31 3
33 3
31 3
34 4
37 3
45 6
26 2
26 3
28 3
35 4
48 6
36 5
49 6
30 3
29 2
43 5
27 3
28 4
47 4
40 5
43 4
31 4
30 3
38 5
28 4
38 4
37 4
36 4
45 4
28 3
45 5
34 4
45 5
46 6
42 5
49 6
39 4
27 3
40 5
36 3
46 4
48 6
27 2
32 3
26 3
31 4
29 3
41 4
37 4
42 4
35 3
40 4
49 5
36 3
44 4
38 5
49 7
36 4
31 3
33 4
32 3
32 4
44 6
33 3
39 4
39 4
34 4
36 4
29 3
38 5
36 4
38 5
49 6
27 3
41 5
28 4
27 3
32 4
26 3
30 4
36 4
33 4
47 5
26 3
36 4
45 5
43 5
49 6
41 4
40 5
43 5
37 5
30 3
48 6
33 4
33 3
36 5
48 5
36 5
43 5
41 5
43 5
34 3
46 6
39 5
39 3
45 6
35 4
39 5
31 3
44 5
42 5
48 5
39 5
48 6
48 6
46 6
36 4
30 4
38 5
34 4
34 4
42 4
48 5
28 3
40 5
27 3
46 6
35 4
49 6
27 2
35 4
40 5
25 3
35 4
48 6
26 2
25 2
39 4
25 2
30 3
44 5
37 3
31 3
28 2
47 5
40 5
48 7
41 4
37 3
48 5
35 3
44 5
43 4
39 4
45 5
48 6
40 5
33 3
38 5
39 4
34 3
47 6
31 4
41 5
38 4
49 5
44 5
32 3
26 2
28 4
47 6
33 3
46 5
47 6
40 5
25 2
35 4
36 5
46 5
25 2
28 3
49 5
25 2
46 4
38 5
45 5
47 5
30 3
40 4
25 2
25 2
32 3
48 7
38 4
42 5
39 4
40 4
39 4
41 5
41 4
49 6
46 4
45 5
46 4
49 6
30 3
32 4
33 3
43 4
39 5
40 5
42 5
45 4
47 5
47 6
36 3
48 7
45 6
30 4
35 5
33 4
27 3
42 5
36 3
32 3
31 4
37 5
34 3
36 4
45 6
31 4
40 4
40 4
34 3
30 4
35 3
48 5
40 5
27 3
32 4
37 4
48 6
42 5
37 4
37 5
44 4
45 5
31 3
33 4
39 4
26 2
47 6
48 5
46 6
30 3
46 6
36 3
32 4
48 6
42 4
26 3
37 5
33 3
35 4
40 4
44 5
33 4
28 3
37 3
41 5
34 4
34 3
26 2
26 3
30 4
33 4
32 4
37 3
44 5
25 3
26 3
38 5
39 5
42 5
33 4
30 3
26 3
29 4
34 4
34 4
29 4
25 2
47 5
27 3
40 4
25 2
32 4
36 4
33 4
30 3
35 4
42 5
44 5
36 4
34 4
39 4
29 3
40 5
46 5
42 4
25 2
27 2
39 4
35 5
31 4
40 4
38 4
36 4
29 3
42 5
32 4
28 3
31 3
28 3
43 5
39 5
34 4
27 2
38 5
41 4
44 6
34 4
29 3
35 4
46 5
34 3
38 4
49 7
32 3
41 4
45 5
31 4
43 4
40 5
37 4
43 4
43 4
39 5
26 3
32 3
29 3
32 4
35 5
34 4
39 5
46 6
30 4
36 4
30 4
48 5
45 5
35 3
43 5
27 3
42 5
26 2
44 5
38 4
38 5
49 5
26 3
35 4
42 5
34 4
41 5
29 4
47 5
43 5
25 3
31 3
32 3
42 5
34 3
44 5
27 3
40 5
47 6
45 6
29 4
28 3
43 5
35 4
26 3
49 5
44 5
34 3
28 2
45 6
32 4
49 6
30 4
42 6
45 5
35 4
40 4
49 5
43 5
33 4
25 3
37 5
27 2
33 4
46 5
25 3
43 4
26 3
41 5
35 3
27 2
34 4
36 4
29 3
38 3
38 4
46 5
27 3
36 3
36 5
39 4
26 3
38 5
38 4
38 5
45 5
39 4
38 4
49 5
36 4
26 2
42 5
25 3
31 4
31 4
39 4
47 5
35 3
25 3
38 5
29 3
43 4
32 3
38 4
38 4
47 6
39 5
34 4
34 4
36 4
37 4
26 3
42 4
33 4
30 3
49 5
41 5
41 5
37 4
47 5
45 5
28 3
41 6
46 5
30 3
49 6
36 5
32 3
28 3
25 3
25 3
34 4
28 2
46 6
42 4
38 5
48 6
36 4
32 3
25 3
45 6
33 4
40 4
42 4
44 6
36 4
33 4
41 5
42 5
49 5
48 6
46 6
37 4
40 4
39 4
35 4
33 3
32 4
39 5
30 3
46 5
26 3
44 4
46 4
29 3
49 6
31 3
45 6
42 4
46 4
33 4
37 4
41 5
30 4
47 6
34 4
43 4
47 5
25 3
43 6
44 4
42 5
33 4
44 6
30 4
33 4
36 5
40 5
29 4
44 4
37 4
44 4
28 3
46 6
37 5
27 3
44 5
47 5
42 5
25 2
30 3
41 5
46 6
32 3
28 3
49 5
37 4
28 3
44 5
34 4
31 3
48 6
26 2
48 5
32 4
36 4
27 3
37 5
41 4
38 4
37 3
45 6
40 5
48 7
39 5
29 4
47 5
44 5
29 4
45 6
49 5
36 4
49 6
39 4
49 6
40 5
25 2
49 5
25 3
45 5
31 3
45 4
30 3
43 4
43 4
41 5
43 4
35 4
49 7
32 4
49 7
43 4
48 5
25 2
40 5
30 3
31 4
27 3
37 3
45 6
29 4
35 5
32 3
46 5
28 3
31 4
37 5
36 4
32 4
38 5
32 3
25 2
39 4
29 3
28 3
41 4
32 4
48 5
37 4
45 5
48 5
27 3
48 5
29 4
49 5
25 3
30 4
44 5
43 6
34 3
36 4
40 4
36 4
31 4
31 3
33 4
35 4
45 6
41 4
37 4
30 3
32 3
39 4
29 2
26 3
28 3
26 3
32 4
31 3
30 3
38 5
26 3
46 6
25 3
27 3
48 4
32 4
41 4
33 4
36 4
44 5
40 5
32 3
29 3
27 3
42 5
39 4
37 4
26 2
26 2
42 4
25 3
25 2
42 4
27 3
35 4
43 6
43 6
48 7
39 5
36 4
47 6
40 4
36 3
27 3
40 4
49 5
43 6
44 6
42 4
32 4
36 4
38 4
40 5
37 3
26 3
45 5
42 5
34 3
35 4
44 4
25 2
35 5
44 4
49 7
26 3
38 4
40 5
29 3
36 5
28 2
34 4
34 4
39 5
32 4
38 4
38 4
43 5
28 2
40 5
37 4
37 5
35 4
43 5
48 6
47 5
35 4
48 6
25 2
44 6
33 3
31 3
26 3
40 4
30 3
33 4
38 3
45 6
38 5
42 4
28 3
33 4
30 3
33 4
48 5
40 5
29 3
30 4
48 5
36 5
34 3
33 3
38 5
48 6
25 2
44 4
25 2
27 2
39 4
49 6
49 6
33 4
32 4
33 3
25 2
34 4
37 5
49 4
38 5
29 4
26 3
43 5
26 3
33 4
32 3
29 3
38 4
36 4
42 5
25 3
39 5
27 3
30 4
33 3
46 6
47 6
46 5
31 4
45 5
37 3
41 4
31 4
34 3
37 5
34 4
29 3
28 3
34 3
49 7
48 5
32 3
37 4
45 5
41 5
37 3
25 2
30 3
48 5
27 3
41 4
35 4
28 3
36 5
49 5
42 5
29 2
36 5
