100
1002
36 2
25 1
39 3
37 3
20 1
43 2
44 2
18 0
38 2
44 2
22 1
34 1
34 3
28 2
38 2
45 2
18 1
37 2
35 2
23 1
42 2
37 3
24 1
39 2
47 4
25 1
28 1
45 4
23 1
32 2
33 2
28 1
39 2
48 3
23 2
29 1
41 3
28 1
31 2
35 3
25 1
40 2
34 2
27 2
39 2
35 3
22 1
43 2
39 2
25 1
36 2
35 3
24 2
41 3
33 2
27 2
40 3
47 2
19 1
34 1
39 2
22 2
39 3
41 3
28 1
31 2
38 3
28 2
34 1
40 2
24 1
36 2
36 2
29 2
35 3
35 1
29 2
36 3
36 1
22 1
42 2
46 2
24 2
30 2
36 2
31 1
33 2
37 2
29 1
34 2
40 3
24 1
36 3
46 2
25 1
29 2
36 3
22 1
42 3
48 2
19 1
33 2
46 4
18 1
36 1
45 4
25 2
30 2
39 3
26 2
35 2
33 3
30 2
37 1
38 3
26 2
36 3
37 2
23 1
40 3
39 3
27 2
34 2
38 3
21 1
41 3
39 2
29 1
32 2
34 3
25 1
41 3
48 2
24 1
28 1
41 2
25 1
34 2
45 2
18 1
37 2
44 4
20 1
36 2
35 3
24 1
41 3
36 2
22 1
42 2
35 1
29 1
36 2
44 4
23 2
33 2
36 2
24 2
40 3
40 2
21 1
39 2
40 2
24 1
36 3
44 4
19 1
37 2
41 4
25 1
34 1
33 1
24 1
43 3
44 3
23 1
33 3
45 2
23 2
32 1
35 2
28 1
37 2
44 2
20 1
36 2
37 2
22 2
41 2
37 2
22 1
41 2
44 3
23 1
33 2
40 2
28 2
32 2
33 2
22 2
45 4
38 2
24 1
38 2
40 3
27 2
33 3
47 3
25 1
28 2
48 4
17 1
35 2
37 2
23 1
40 3
41 2
23 1
36 3
47 3
19 1
34 1
42 3
25 2
33 2
36 2
28 2
36 3
45 4
22 1
33 3
35 2
24 1
41 3
33 2
25 2
42 2
44 3
22 1
34 2
46 3
24 1
30 2
40 3
22 2
38 3
36 2
28 2
36 2
34 3
25 1
41 3
45 3
23 1
32 1
45 4
24 1
31 2
36 1
30 2
34 2
37 2
30 2
33 2
48 3
23 1
29 2
37 3
23 1
40 2
41 4
28 2
31 2
38 3
24 2
38 3
35 2
24 2
41 2
33 3
24 1
43 3
38 3
26 1
36 2
46 4
26 2
28 2
35 2
23 1
42 2
39 3
26 2
35 2
44 3
25 2
31 1
47 2
21 1
32 1
48 2
22 1
30 2
48 2
20 1
32 2
38 2
30 2
32 2
36 3
22 1
42 2
47 3
22 1
31 2
35 3
30 1
35 3
40 3
27 1
33 3
41 4
23 1
36 2
36 2
31 1
33 1
46 2
23 1
31 2
34 3
25 1
41 3
36 3
25 1
39 3
39 2
27 2
34 2
44 2
25 1
31 1
33 2
23 1
44 2
37 3
23 1
40 3
48 4
21 1
31 2
46 3
22 1
32 2
37 3
27 1
36 3
45 2
24 1
31 3
37 2
25 2
38 3
43 3
25 2
32 3
41 2
24 2
35 2
39 3
29 2
32 2
44 3
20 1
36 3
48 4
22 1
30 2
43 3
20 1
37 2
47 2
19 1
34 1
42 2
22 2
36 1
42 4
26 2
32 1
35 2
26 1
39 2
41 2
28 1
31 3
37 3
29 1
34 2
41 2
21 1
38 2
33 3
31 2
36 2
44 2
25 2
31 2
37 3
27 2
36 3
48 3
22 1
30 1
47 3
18 1
35 3
39 2
21 1
40 3
40 2
23 1
37 1
45 3
18 0
37 2
35 1
28 2
37 1
45 4
25 1
30 2
37 2
24 1
39 2
48 4
21 1
31 1
43 3
18 1
39 2
43 3
23 1
34 2
47 4
25 2
28 1
33 3
26 1
41 2
38 2
22 2
40 2
36 3
29 1
35 2
43 3
27 2
30 1
44 2
21 1
35 2
37 2
20 1
43 2
48 3
20 1
32 2
44 3
24 2
32 2
43 2
27 2
30 2
46 3
19 1
35 2
39 2
27 2
34 1
37 3
22 1
41 2
41 2
26 2
33 2
48 4
19 0
33 2
35 2
29 2
36 2
39 2
24 1
37 2
41 3
23 2
36 1
45 2
26 2
29 1
35 1
28 2
37 2
40 3
24 1
36 3
45 2
20 1
35 2
38 2
22 2
40 2
39 3
27 1
34 2
39 2
21 1
40 2
36 1
28 1
36 2
42 2
25 1
33 3
40 2
28 1
32 2
45 3
25 2
30 2
39 2
26 1
35 2
43 3
20 1
37 2
48 4
21 1
31 2
37 3
27 1
36 3
35 3
27 2
38 2
34 1
26 1
40 3
43 3
26 2
31 2
34 3
29 2
37 2
44 3
22 1
34 2
43 3
24 2
33 1
43 2
20 1
37 3
42 3
27 2
31 2
48 4
18 1
34 1
37 2
24 1
39 3
42 3
26 2
32 2
43 3
23 2
34 2
33 2
26 1
41 3
44 4
25 2
31 1
41 3
20 1
39 2
33 2
26 2
41 3
44 2
23 1
33 2
46 3
23 1
31 2
39 3
23 1
38 2
40 3
20 1
40 2
39 2
27 1
34 1
37 2
24 2
39 3
46 3
20 1
34 2
38 2
26 1
36 2
36 2
30 1
34 3
48 3
22 1
30 2
39 1
26 2
35 2
35 3
25 1
40 2
37 3
23 1
40 2
35 3
30 2
35 2
44 3
21 2
35 2
33 2
26 1
41 3
41 2
20 1
39 2
36 3
22 1
42 2
33 1
30 2
37 2
34 2
31 2
35 2
38 3
26 2
36 1
38 2
30 2
32 2
35 1
27 2
38 2
40 3
26 2
34 2
36 2
25 2
39 2
48 3
20 1
32 2
45 3
23 1
32 3
34 3
26 1
40 2
35 2
23 1
42 2
38 3
28 2
34 1
40 3
25 2
35 2
41 3
24 1
35 3
33 2
29 2
38 2
43 4
25 1
32 1
48 4
19 1
33 1
43 2
25 2
32 2
48 4
25 1
27 1
41 2
23 1
36 2
45 4
21 1
34 3
39 2
21 1
40 2
40 2
26 1
34 3
40 2
23 1
37 2
47 4
19 1
34 2
38 2
23 1
39 2
34 2
27 1
39 2
37 2
27 2
36 3
45 2
24 1
31 2
40 2
23 1
37 3
47 3
19 1
34 3
46 2
20 1
34 2
35 2
21 1
44 2
43 4
19 1
38 3
40 3
28 1
32 2
43 3
21 1
36 3
40 2
21 1
39 2
45 2
19 1
36 2
39 2
23 1
38 2
44 3
20 1
36 2
33 2
29 1
38 2
42 4
22 1
36 1
47 4
24 1
29 2
41 3
19 1
40 3
33 1
27 2
40 3
43 4
23 1
34 2
38 2
29 2
33 3
42 3
26 1
32 3
40 2
28 1
32 3
34 2
27 2
39 3
47 3
25 1
28 2
33 2
30 2
37 2
40 3
22 2
38 2
46 2
22 1
32 2
46 4
19 1
35 2
43 3
27 1
30 2
36 2
28 2
36 2
33 2
23 1
44 4
35 2
31 2
34 1
38 1
23 1
39 2
37 2
22 1
41 4
39 2
22 1
39 2
37 2
30 1
33 2
37 2
22 1
41 2
45 2
24 1
31 1
42 2
24 1
34 1
38 3
24 2
38 2
35 2
29 2
36 2
33 2
32 3
35 2
46 4
25 1
29 1
38 1
29 2
33 1
37 3
24 2
39 2
46 3
26 1
28 2
33 2
29 1
38 1
40 3
20 1
40 3
42 3
22 1
36 2
35 2
26 2
39 2
48 3
24 1
28 2
40 2
21 1
39 2
45 3
26 2
29 1
44 4
24 2
32 2
48 4
20 1
32 3
43 2
20 1
37 3
41 2
24 1
35 2
46 3
19 1
35 2
34 2
27 2
39 3
34 2
24 1
42 4
42 2
21 2
37 1
38 2
29 1
33 1
37 3
28 2
35 3
35 3
28 1
37 1
34 3
29 1
37 2
39 3
26 2
35 2
35 1
22 1
43 2
43 2
22 2
35 2
35 3
27 1
38 2
44 2
25 1
31 2
40 2
27 2
33 3
45 3
21 1
34 3
43 4
18 1
39 2
33 3
30 1
37 3
46 3
18 1
36 3
37 2
21 1
42 3
37 2
22 1
41 3
36 2
30 2
34 2
43 3
25 1
32 2
44 2
19 1
37 2
40 3
21 1
39 3
37 3
28 2
35 3
34 3
22 1
44 2
36 2
29 2
35 2
45 2
20 1
35 2
39 2
20 1
41 3
46 4
20 1
34 3
45 2
20 1
35 2
46 4
19 1
35 2
37 3
22 1
41 3
46 3
20 1
34 3
43 2
27 1
30 2
