100
1002
43 3
23 1
34 2
44 3
19 1
37 2
36 2
22 1
42 2
41 3
28 2
31 2
38 3
27 1
35 2
36 3
24 2
40 3
36 3
23 1
41 3
37 2
23 2
40 2
39 3
24 1
37 2
41 3
22 1
37 2
35 2
26 1
39 2
33 2
26 1
41 2
38 2
26 1
36 3
48 2
23 2
29 1
34 2
21 1
45 2
36 1
21 1
43 3
48 3
20 1
32 2
44 2
25 1
31 2
48 3
21 1
31 3
42 2
21 1
37 2
45 3
25 2
30 1
33 3
22 1
45 2
44 3
23 2
33 2
35 3
23 1
42 3
35 1
22 1
43 2
33 1
27 2
40 3
43 4
25 1
32 2
39 2
22 1
39 3
38 3
27 1
35 2
42 3
27 2
31 1
39 2
24 1
37 2
44 2
21 1
35 2
39 2
28 1
33 3
40 3
28 2
32 2
45 3
22 1
33 1
39 3
26 1
35 2
42 2
22 1
36 1
48 2
21 2
31 1
43 2
22 1
35 1
34 1
30 1
36 3
46 4
18 1
36 3
41 2
24 1
35 2
37 2
22 1
41 2
41 2
26 2
33 2
43 2
19 1
38 2
35 3
30 2
35 3
45 2
19 1
36 2
34 2
22 1
44 2
42 2
24 1
34 3
37 3
26 2
37 1
35 1
31 2
34 3
42 3
23 1
35 2
38 2
24 2
38 3
48 3
18 1
34 2
38 2
22 2
40 3
37 3
25 1
38 2
36 3
31 2
33 2
45 2
22 1
33 2
46 3
22 1
32 2
38 2
29 1
33 2
37 3
27 2
36 2
38 3
22 2
40 3
45 3
25 1
30 2
47 4
25 1
28 2
44 3
26 2
30 1
41 2
22 1
37 3
39 3
28 1
33 3
42 2
22 1
36 3
37 3
22 1
41 3
41 2
24 1
35 2
42 2
26 1
32 2
45 4
25 1
30 1
33 1
31 1
36 3
44 3
27 2
29 2
37 3
22 1
41 2
40 2
27 1
33 2
42 4
21 1
37 3
37 2
28 1
35 1
33 1
23 1
44 3
46 4
21 2
33 2
43 3
23 2
34 2
34 2
22 1
44 3
46 3
22 2
32 2
44 3
22 1
34 1
44 3
19 1
37 3
36 3
26 2
38 3
41 2
25 1
34 3
48 4
24 1
28 1
42 3
27 2
31 2
33 3
25 1
42 4
34 3
28 2
38 2
42 3
19 1
39 3
34 3
31 2
35 3
38 3
25 2
37 3
45 2
21 1
34 2
34 2
22 1
44 4
44 4
24 1
32 3
34 2
29 2
37 2
39 3
25 2
36 2
39 3
29 2
32 2
42 4
25 1
33 2
35 2
26 2
39 3
36 3
26 2
38 2
44 2
21 1
35 2
38 1
26 2
36 2
45 3
19 1
36 3
34 2
25 1
41 2
46 3
20 1
34 2
38 2
21 1
41 3
40 2
20 1
40 3
48 4
25 1
27 1
38 2
26 1
36 2
37 3
30 1
33 1
45 3
26 2
29 1
40 3
22 1
38 3
39 2
25 1
36 3
41 2
19 1
40 2
41 2
23 2
36 1
41 2
27 2
32 1
37 2
21 1
42 2
39 3
27 2
34 1
37 2
30 2
33 2
41 3
28 2
31 1
39 2
23 1
38 2
41 4
28 2
31 1
42 2
19 1
39 2
41 2
21 1
38 2
40 2
28 2
32 3
48 2
17 1
35 2
36 1
28 2
36 3
41 3
21 1
38 1
43 3
21 1
36 3
40 3
23 1
37 3
36 2
24 1
40 2
40 3
19 1
41 2
45 2
25 2
30 2
48 4
19 1
33 2
46 4
23 2
31 1
36 2
23 1
41 3
42 3
19 1
39 2
36 3
31 2
33 2
33 2
28 2
39 3
38 2
30 2
32 2
44 4
18 1
38 2
39 3
28 2
33 3
42 3
25 2
33 2
41 2
19 1
40 2
47 3
18 1
35 2
44 3
20 1
36 1
34 2
24 2
42 3
47 4
18 1
35 2
47 4
22 1
31 2
48 4
21 1
31 2
43 3
25 2
32 2
40 2
26 1
34 2
42 2
25 2
33 2
40 2
23 1
37 2
36 3
26 2
38 2
40 2
20 1
40 2
36 3
28 2
36 3
37 3
29 2
34 1
39 3
21 1
40 2
47 4
19 1
34 2
34 2
22 1
44 2
39 3
23 1
38 2
42 4
25 1
33 2
37 2
26 1
37 3
46 3
23 1
31 1
37 2
23 2
40 3
41 2
26 1
33 2
36 2
27 2
37 3
35 3
24 2
41 3
39 3
24 2
37 2
34 2
32 1
34 2
39 3
20 1
41 2
33 1
24 2
43 3
37 2
26 2
37 3
35 2
24 2
41 3
33 2
27 1
40 3
43 2
23 1
34 2
34 2
29 2
37 2
42 2
26 1
32 3
40 3
22 1
38 2
48 4
18 1
34 3
35 2
31 2
34 3
37 3
20 1
43 4
39 2
26 2
35 2
46 2
20 1
34 2
38 3
23 1
39 2
34 2
22 1
44 2
45 2
22 2
33 1
48 4
23 2
29 1
38 3
29 1
33 2
38 3
27 1
35 1
34 2
31 2
35 3
44 3
20 1
36 3
37 2
30 1
33 2
43 4
24 1
33 3
43 3
27 1
30 2
40 2
20 1
40 2
35 1
25 1
40 3
43 4
19 1
38 2
47 2
22 1
31 3
38 2
21 1
41 3
44 3
22 1
34 2
39 2
26 1
35 2
35 3
31 1
34 2
33 2
30 2
37 3
37 3
20 1
43 3
48 3
24 1
28 2
35 1
22 1
43 3
48 3
21 1
31 2
44 3
19 1
37 2
38 2
20 1
42 3
39 3
25 2
36 2
35 2
26 2
39 2
44 3
26 1
30 1
41 3
23 1
36 2
44 2
21 1
35 3
44 2
26 2
30 2
48 3
21 1
31 2
36 2
21 1
43 4
42 2
24 1
34 2
41 3
24 1
35 2
47 3
19 1
34 1
42 2
27 1
31 1
44 2
23 1
33 1
45 3
18 1
37 2
42 2
20 1
38 2
46 4
22 1
32 2
37 3
25 1
38 2
37 3
21 2
42 2
34 2
27 2
39 2
35 1
30 1
35 2
44 3
18 1
38 3
42 3
22 1
36 3
47 3
24 2
29 1
36 3
25 1
39 3
39 3
22 1
39 2
43 2
22 1
35 2
36 2
26 1
38 3
37 3
24 1
39 3
48 3
25 1
27 1
36 1
29 2
35 3
34 3
28 2
38 3
46 3
25 1
29 1
48 4
22 1
30 1
45 4
26 2
29 1
45 2
18 1
37 3
39 2
25 1
36 2
33 2
31 1
36 2
40 2
28 1
32 2
42 2
20 1
38 3
38 2
28 2
34 3
40 3
23 1
37 2
48 3
20 1
32 1
40 3
24 1
36 2
39 3
22 1
39 3
38 2
21 1
41 2
33 2
23 1
44 3
45 3
24 1
31 2
36 2
21 1
43 3
43 2
27 1
30 2
34 2
22 1
44 2
39 2
25 2
36 3
48 4
19 1
33 1
44 3
21 1
35 2
39 2
28 2
33 1
34 1
23 1
43 3
44 4
26 1
30 2
33 2
23 2
44 3
38 3
26 1
36 2
43 2
24 1
33 1
41 2
20 1
39 3
45 2
25 1
30 2
33 3
32 2
35 1
46 2
20 1
34 2
37 2
27 2
36 2
38 3
30 1
32 2
36 1
21 1
43 4
43 3
26 2
31 2
44 3
23 2
33 2
43 2
19 1
38 3
38 3
27 1
35 3
41 4
23 1
36 2
34 2
22 1
44 4
38 3
24 1
38 1
35 2
21 1
44 2
39 2
20 1
41 2
42 2
19 1
39 3
42 2
26 1
32 2
43 3
23 2
34 2
45 2
19 1
36 3
38 2
25 1
37 2
44 2
23 2
33 1
39 2
22 1
39 3
47 3
23 2
30 2
36 3
22 2
42 2
45 3
24 1
31 2
35 2
25 2
40 3
45 3
25 1
30 1
42 3
22 2
36 2
36 1
26 2
38 2
46 3
21 1
33 2
36 2
28 2
36 3
47 2
21 1
32 2
37 2
30 2
33 1
37 2
25 1
38 2
48 3
23 1
29 1
38 2
24 1
38 2
47 2
19 1
34 3
46 3
21 1
33 2
47 2
22 1
31 1
46 3
18 1
36 2
47 3
18 1
35 2
41 3
25 1
34 2
37 3
26 2
37 2
39 2
27 1
34 1
43 3
19 1
38 2
42 3
23 1
35 2
33 2
31 1
36 2
43 2
19 1
38 2
45 4
23 2
32 2
40 3
27 2
33 3
39 2
23 2
38 2
36 3
30 2
34 3
33 2
25 2
42 2
48 3
21 1
31 2
44 3
21 1
35 2
43 3
24 1
33 2
36 2
26 1
38 2
39 3
24 1
37 3
45 3
18 1
37 2
37 2
27 2
36 2
