100
1002
48 3
18 1
34 2
33 1
25 1
42 3
33 2
31 3
36 2
35 2
28 2
37 3
47 3
25 2
28 2
43 3
19 1
38 2
33 1
32 3
35 3
48 3
21 1
31 2
36 1
25 1
39 2
47 3
21 1
32 2
36 2
30 1
34 3
37 2
20 1
43 2
44 2
20 1
36 2
46 3
21 1
33 2
47 4
21 2
32 1
39 3
26 1
35 3
37 2
27 2
36 2
37 2
21 1
42 3
41 2
20 1
39 2
46 3
20 1
34 3
43 3
21 1
36 3
46 4
22 1
32 2
47 2
21 1
32 2
48 3
24 2
28 1
38 2
23 1
39 3
46 2
23 2
31 1
33 2
27 2
40 2
37 2
28 2
35 2
42 2
19 1
39 3
33 2
26 2
41 3
41 3
25 2
34 3
36 3
27 1
37 3
33 3
23 1
44 2
36 1
30 1
34 1
37 3
25 2
38 2
47 2
19 1
34 1
43 3
26 1
31 2
40 3
21 1
39 2
46 4
19 1
35 2
44 3
27 2
29 2
41 3
25 2
34 2
42 4
28 2
30 2
43 2
24 1
33 2
45 2
18 1
37 2
33 2
22 2
45 3
44 4
19 1
37 2
47 2
24 2
29 1
42 2
21 1
37 2
48 2
22 1
30 2
42 3
23 1
35 2
45 3
18 0
37 3
45 4
20 1
35 2
40 3
21 1
39 2
35 1
30 2
35 3
43 3
21 1
36 3
40 2
24 1
36 2
42 3
21 1
37 3
40 2
26 1
34 1
38 3
30 2
32 2
40 2
27 1
33 2
47 2
19 1
34 3
47 3
18 1
35 3
40 2
26 2
34 2
42 2
20 1
38 3
39 3
24 1
37 2
39 2
29 2
32 1
45 2
19 1
36 3
48 3
19 1
33 3
45 4
25 1
30 2
38 3
26 1
36 2
46 2
20 1
34 2
39 2
25 1
36 2
42 2
27 2
31 2
41 2
27 2
32 3
36 3
26 1
38 2
42 2
21 1
37 3
46 4
18 1
36 3
41 3
22 1
37 2
39 3
21 1
40 2
36 2
23 2
41 3
47 3
22 1
31 3
40 2
21 1
39 2
40 2
22 2
38 2
44 2
26 1
30 1
38 3
21 1
41 3
36 3
22 1
42 2
46 4
24 2
30 1
43 3
19 1
38 2
46 3
24 1
30 2
39 3
21 1
40 2
46 2
23 2
31 2
36 2
26 1
38 3
46 3
25 1
29 2
44 2
27 1
29 1
47 2
23 1
30 2
46 2
19 1
35 2
43 4
22 1
35 3
40 2
20 1
40 3
38 3
21 1
41 2
46 2
19 1
35 3
46 3
18 1
36 2
36 3
23 1
41 4
45 2
24 2
31 2
35 2
24 1
41 2
47 3
19 1
34 3
46 2
18 1
36 2
42 2
27 1
31 2
47 3
23 1
30 1
40 3
26 2
34 2
37 2
28 1
35 2
48 2
24 1
28 1
41 2
20 1
39 2
42 4
24 1
34 1
36 3
24 2
40 2
34 3
25 1
41 2
33 1
26 1
41 3
37 3
23 1
40 2
48 4
18 1
34 3
45 2
23 1
32 1
34 1
31 2
35 2
41 3
28 1
31 2
41 2
21 1
38 3
43 3
20 1
37 2
34 2
31 1
35 2
36 3
24 1
40 3
43 4
24 1
33 1
36 3
24 2
40 2
38 2
28 1
34 2
33 1
32 2
35 2
42 2
28 2
30 2
33 2
27 1
40 3
40 3
19 1
41 3
47 3
23 1
30 2
46 3
25 2
29 1
35 2
27 1
38 2
48 4
18 0
34 2
43 3
21 1
36 3
41 2
19 1
40 2
46 3
19 1
35 2
33 2
24 1
43 3
36 2
23 1
41 2
44 2
23 1
33 3
46 2
23 1
31 2
37 3
21 1
42 3
45 3
18 1
37 2
44 4
23 2
33 3
47 4
22 1
31 1
44 3
23 1
33 2
37 3
27 2
36 3
42 2
22 1
36 3
35 3
27 1
38 3
45 3
22 2
33 3
34 3
26 1
40 2
45 3
19 1
36 2
34 2
23 1
43 2
38 2
29 2
33 2
33 2
28 2
39 3
35 2
23 1
42 4
43 2
26 1
31 2
42 3
22 1
36 2
47 2
19 1
34 2
42 2
23 1
35 2
48 4
25 1
27 2
46 3
20 1
34 3
46 2
18 1
36 3
37 3
24 1
39 2
33 2
32 2
35 3
33 2
25 1
42 3
46 2
24 1
30 2
36 1
27 2
37 2
34 2
22 1
44 4
39 3
20 1
41 3
43 3
22 1
35 3
43 3
20 1
37 2
40 3
21 1
39 1
33 2
26 2
41 2
41 3
21 1
38 3
42 2
25 2
33 2
42 3
22 1
36 2
41 2
27 2
32 2
36 2
24 2
40 2
46 3
19 1
35 2
34 2
22 1
44 3
45 2
25 1
30 2
36 2
28 1
36 2
33 2
25 1
42 2
38 2
22 2
40 2
47 3
23 2
30 2
34 2
28 1
38 2
38 2
24 1
38 2
46 4
20 1
34 2
40 2
23 1
37 3
33 2
24 1
43 2
34 2
23 2
43 3
45 2
22 1
33 3
43 2
26 1
31 1
38 3
26 1
36 1
35 2
22 1
43 4
43 2
21 1
36 2
36 3
24 1
40 3
47 4
23 1
30 2
33 2
24 1
43 2
36 3
27 1
37 2
44 2
23 2
33 1
42 3
24 1
34 1
48 3
18 1
34 2
46 3
20 1
34 2
33 2
22 1
45 3
43 3
19 1
38 2
35 3
30 2
35 2
48 3
19 1
33 2
47 2
24 2
29 1
46 4
20 1
34 1
45 3
18 1
37 2
36 2
23 1
41 3
38 3
30 2
32 2
40 2
23 1
37 2
35 3
30 2
35 2
39 3
29 2
32 2
44 3
21 1
35 3
39 3
26 2
35 1
43 2
26 2
31 3
45 2
19 1
36 2
42 3
22 1
36 2
40 3
21 1
39 1
48 4
24 1
28 1
38 2
26 2
36 2
36 2
28 2
36 2
38 3
29 2
33 3
33 2
22 1
45 3
36 2
27 1
37 3
39 3
25 2
36 3
48 4
20 1
32 2
40 2
23 2
37 3
43 2
25 1
32 2
42 2
23 1
35 2
34 3
32 2
34 2
37 2
20 1
43 3
36 2
24 2
40 3
42 3
20 1
38 3
46 2
20 1
34 3
33 2
25 2
42 3
39 2
22 1
39 2
47 4
19 1
34 2
37 1
22 1
41 2
45 2
22 1
33 2
47 2
20 1
33 2
45 4
21 1
34 2
47 3
20 1
33 2
46 2
21 1
33 2
37 3
27 1
36 2
43 2
20 1
37 2
36 2
22 1
42 2
44 3
22 1
34 2
40 2
27 2
33 3
37 2
25 2
38 2
46 4
25 1
29 2
48 4
23 1
29 1
45 2
19 1
36 3
42 3
22 1
36 2
43 3
27 2
30 1
45 2
23 1
32 2
41 3
22 1
37 1
42 3
27 2
31 2
40 3
24 1
36 3
34 3
32 3
34 3
37 3
21 1
42 4
42 3
24 2
34 2
36 3
28 2
36 1
47 3
23 2
30 2
39 2
25 1
36 2
44 2
24 1
32 2
47 3
24 1
29 2
34 2
30 2
36 2
41 2
19 0
40 2
33 2
24 2
43 4
47 3
21 1
32 2
35 2
25 2
40 3
41 2
19 1
40 2
41 3
24 1
35 2
33 2
32 2
35 2
45 3
18 1
37 3
42 4
25 1
33 2
37 2
22 1
41 3
38 2
27 2
35 2
34 3
28 1
38 3
40 2
27 2
33 3
43 4
24 1
33 2
35 3
22 2
43 2
42 3
23 1
35 2
37 2
28 2
35 1
37 2
26 1
37 3
40 2
28 2
32 2
48 3
17 1
35 2
36 2
26 1
38 2
37 2
21 1
42 3
46 3
24 2
30 2
38 3
27 1
35 1
47 3
23 2
30 2
48 4
22 2
30 2
47 4
25 1
28 2
34 2
26 1
40 2
44 2
24 1
32 2
41 3
22 2
37 3
38 3
26 1
36 2
43 2
25 1
32 2
41 2
23 2
36 2
47 2
23 1
30 2
41 3
19 1
40 3
39 2
22 2
39 2
48 2
22 2
30 1
46 2
21 1
33 2
35 2
27 2
38 1
37 2
29 2
34 2
44 2
19 1
37 3
38 2
30 2
32 1
45 2
24 1
31 2
41 3
26 1
33 3
46 3
25 2
29 2
48 2
24 2
28 1
42 2
20 1
38 3
40 3
27 1
33 2
47 4
20 1
33 2
36 3
24 2
40 3
48 2
21 1
31 1
48 3
23 1
29 1
47 3
23 2
30 1
33 3
29 1
38 2
38 3
28 1
34 2
43 2
22 2
35 2
39 2
26 1
35 1
42 3
24 1
34 2
36 3
31 2
33 2
36 2
25 1
39 2
